435
664
992
740
609
478
559
269
312
681
307
560
809
865
963
290
446
612
914
924
776
254
610
612
189
348
469
121
940
462
382
175
950
305
855
496
606
642
809
713
241
942
670
661
361
621
203
747
631
262
523
76
312
403
850
302
53
395
618
882
848
817
187
462
451
449
830
339
967
273
616
655
363
893
110
925
511
200
61
873
929
809
37
208
96
736
566
681
640
516
726
608
300
880
164
858
352
162
448
870
508
115
101
254
105
505
195
510
209
321
943
220
355
788
55
702
86
610
7
741
322
586
867
109
712
269
14
728
664
185
733
54
516
63
13
156
904
47
982
690
411
571
701
591
187
818
967
184
824
838
966
647
353
540
263
461
655
392
410
970
245
679
771
905
287
361
486
124
72
535
408
357
576
2
987
517
715
966
125
457
32
700
835
609
946
771
898
532
531
720
466
727
617
275
343
289
462
418
81
380
156
875
833
136
219
217
14
134
70
253
381
42
164
990
820
521
291
591
520
474
576
502
598
825
291
935
147
123
193
779
520
942
530
763
501
905
589
93
558
4
39
472
550
896
313
124
731
800
865
785
600
275
132
863
747
672
272
776
709
754
725
789
436
924
473
819
127
973
553
7
59
90
92
445
859
102
623
563
269
633
314
585
366
935
35
217
63
234
609
238
75
346
361
845
873
628
906
615
510
86
10
52
777
588
6
842
628
12
713
43
605
113
827
357
624
45
865
191
550
236
55
855
291
922
64
833
509
440
376
948
88
249
475
449
476
460
181
129
740
531
291
888
310
998
705
173
175
623
870
251
389
450
658
731
820
148
196
4
222
774
674
224
182
164
209
345
692
821
925
358
378
86
346
870
339
62
601
467
39
378
754
181
770
67
725
887
638
594
133
961
12
860
880
697
836
714
931
225
843
987
150
698
267
764
42
334
966
472
577
81
803
463
453
489
251
201
674
615
312
303
767
509
200
686
675
993
184
209
225
929
58
234
288
95
847
933
698
831
776
582
6
666
575
218
888
584
128
939
147
412
184
504
574
936
587
6
864
240
562
196
446
543
725
235
176
14
782
411
631
228
771
528
907
563
372
543
331
292
607
881
71
84
653
257
342
677
347
873
355
136
647
156
119
297
931
80
734
232
860
105
70
229
993
844
479
660
248
139
880
363
706
964
417
644
169
908
792
801
829
311
305
15
785
960
162
435
189
298
279
128
182
330
478
415
895
750
801
817
278
43
342
599
578
886
206
738
746
507
832
334
764
309
937
419
17
389
107
652
373
683
874
604
189
235
121
665
796
569
184
528
565
213
477
143
449
231
673
504
104
284
515
62
881
427
864
553
74
785
259
128
173
684
187
927
851
914
370
700
838
878
429
847
231
562
540
318
861
785
755
846
910
484
939
6
766
366
250
624
161
516
96
957
166
545
240
183
459
961
134
718
54
109
749
561
352
522
807
74
794
878
305
974
767
293
855
674
25
786
64
237
707
753
644
786
347
426
739
360
546
649
27
780
952
903
912
907
998
226
6
494
68
362
765
786
162
887
815
314
507
529
6
921
537
95
144
333
25
515
296
317
726
965
687
342
294
84
905
506
468
94
104
49
347
186
168
688
835
216
649
607
399
219
498
489
865
899
763
183
76
375
704
620
30
503
346
966
455
774
57
385
840
781
855
520
890
316
273
792
217
712
930
129
102
817
379
395
157
177
710
253
756
972
689
77
187
580
751
476
387
799
285
775
216
908
677
190
699
918
487
977
599
4
680
302
117
984
806
911
469
428
750
14
669
604
659
699
317
214
980
422
795
604
289
544
735
211
22
206
117
893
285
634
825
278
231
31
799
884
104
1
717
315
500
392
355
453
480
507
353
123
421
488
382
657
796
384
252
744
903
656
860
278
686
616
617
470
645
3
363
189
772
156
861
904
141
239
121
529
672
152
851
594
563
285
774
663
244
337
402
988
184
57
728
466
757
468
412
759
671
992
93
358
513
620
616
11
343
490
93
592
386
765
150
762
522
529
523
805
553
47
598
998
252
932
997
593
809
874
804
450
174
148
338
329
471
53
970
911
717
542
903
589
437
221
474
636
95
558
397
164
908
661
792
958
186
782
931
34
589
365
80
629
515
322
82
682
182
418
940
464
851
16
791
741
786
962
426
171
32
926
50
319
381
921
89
452
37
287
591
295
74
652
823
708
295
717
513
314
610
657
54
861
868
985
237
652
471
986
968
771
528
230
467
993
281
473
802
885
515
592
403
172
313
491
5
710
281
132
499
604